-3.2509715954653995
0.8176658813858466
3.9700133270407734
6.6004463605711985
8.886929435252892
10.978769703662799
12.997385426767021
14.999776352566139
16.99998583283474
18.999999303726863
20.99999997257045
22.99999999911273
24.9999999999762
26.999999999999698
29.000000000000256
31.000000000000295
33.00000000000033
35.00000000000039
37.00000000000033
39.00000000000038
41.00000000000046
43.00000000000032
45.00000000000047
47.00000000000047
49.000000000000455
51.000000000000455
53.00000000000055
55.00000000000056
57.00000000000056
59.00000000000044
61.000000000000654
63.000000000000725
65.00000000000067
67.00000000000095
69.00000000000098
71.00000000000082
73.00000000000082
75.00000000000075
77.00000000000092
79.00000000000094
81.00000000000082
83.00000000000085
85.0000000000009
87.00000000000088
89.00000000000108
91.00000000000104
93.00000000000121
95.00000000000085
97.0000000000009
99.00000000000098
101.00000000000107
103.00000000000102
105.00000000000087
107.00000000000105
109.00000000000112
111.00000000000118
113.00000000000125
115.00000000000135
117.00000000000135
119.0000000000012
121.00000000000138
123.00000000000118
125.00000000000125
127.00000000000138
129.0000000000013
131.00000000000128
133.0000000000015
135.00000000000168
137.00000000000156
139.0000000000015
141.00000000000145
143.00000000000145
145.00000000000125
147.00000000000165
149.00000000000162
151.00000000000168
153.00000000000136
155.0000000000013
157.00000000000148
159.00000000000142
161.0000000000014
163.00000000000108
165.0000000000014
167.0000000000014
169.0000000000014
171.00000000000125
173.00000000000205
175.00000000002547
177.00000000088883
179.00000002743138
181.00000069627498
183.00001416716714
185.00022364743572
187.00261457323484
189.02123029633898
191.11307056474882
193.3995536394305
196.029986672961
199.18233411861578
203.25097159546698